Audi
2010
0
10000.0
Audi
2010
0
10000.0
Audi
2010
0
10000.0
BMW
2010
0
10000.0
Mercedes
2010
0
10000.0
VW
2010
0
10000.0
Audi
2010
0
10000.0
BMW
2010
0
10000.0
Mercedes
2010
0
10000.0
VW
2010
0
10000.0
Audi
2010
0
10000.0
BMW
2010
0
10000.0
Mercedes
2010
0
10000.0
VW
2010
0
10000.0
Audi
2010
0
10000.0
BMW
2010
0
10000.0
Mercedes
2010
0
10000.0
VW
2010
0
10000.0
Audi
2010
0
10000.0
BMW
2010
0
10000.0
Mercedes
2010
0
10000.0
VW
2010
0
10000.0
Audi
2010
0
10000.0
BMW
2010
0
10000.0
Mercedes
2010
0
10000.0
VW
2010
0
10000.0
